X	Y
4.456374753877057	50.58346922528846
19.50640623965739	52.373877311601305
20.957552996860567	43.15921936537505
43.94330220909148	53.41275858493579
35.53575492719418	48.2923864905082
34.056380168977554	46.236216988099414
15.984753311059125	42.02555693016606
22.019952448415374	58.45283226326652
16.905795450551274	47.50930657129455
24.204852548364553	53.150056599617834
47.838355917034804	45.81261559142549
26.87728321486378	47.02597135588545
6.140969283222014	42.056847101139375
21.05298921549812	49.21715851161105
19.18762457863966	48.83055671717126
0.3916537403590714	56.08908685743489
31.44939868652233	42.4524357018618
37.19990138848655	54.52048760561861
18.732861091996178	46.448432826175704
36.445014734949346	53.49405661710107
17.308531197917095	38.87596945219315
14.652953480490533	48.90350416921666
16.962165326323635	46.97546717343772
10.91701540641652	43.12344216279269
8.74362514418729	38.18636986015516
40.83767984227183	48.0449218986087
47.86246806438487	57.601094012260965
26.573119159319596	50.03760663041435
44.196422622655305	51.7916012938982
18.867524354927372	44.50439224955451
17.091770708329296	48.18599763140543
9.415875131067086	57.598877211308675
6.282274811594063	42.423421023542915
32.99641919533517	49.98501856047543
0.8830288640214901	45.311475987676346
47.58883187160475	56.174047138776
18.978736198427885	55.24490513845321
6.108734166844276	51.86885353351601
16.190115630878854	57.11719975742509
41.02229097742172	44.03829709026217
21.698740126280747	55.02279858080439
31.793881302677008	55.51484900194475
19.840757213443975	54.41736643468058
30.501170065072202	40.52239912440814
46.263855693354344	50.6444664398892
46.56503142366593	50.726197635891225
43.40292526982619	50.438543507419645
20.504372157356947	43.30186418667742
35.64600130236665	51.842719528090605
19.22161205153602	40.73171850993428
35.94480564897175	43.62567548720628
9.717546550686896	49.09170001072257
32.5848106559991	46.88406042157111
48.33483334699199	50.41146904537688
44.14894593415276	58.27899999460288
37.8842269969727	36.309862761620515
5.257506917432886	47.89275137870109
40.36213338144022	52.357505714161555
27.951320405677194	45.74302682909552
45.17000265722825	48.19024250128456
27.35106572455947	55.81034081086551
3.7412178956303164	55.41523329501429
20.710609202136688	49.714957681627126
37.71846723408146	54.65038142338813
39.96442874299685	55.35108769564111
0.8519331069094305	44.56300096132099
15.901935313222843	41.896264027251206
19.158309901161996	48.15238939180391
8.23047025466826	52.87176587895792
30.383466179679225	50.7227421260035
42.63581617911462	55.4377974908938
16.143292700548578	49.17728493774578
31.47506626694843	44.57330177891534
46.16070630404144	49.107700816600016
49.84761576675581	46.229065961596945
26.715646303485595	49.22612059227672
47.15252993739422	42.212444803772776
42.881148239238385	46.26108911233728
39.43444583514192	49.39445105262645
33.20799951738844	52.159756167784955
29.67239594294681	51.616139138450315
16.080855453609207	55.80626262741355
34.07611491541343	39.424390279311034
19.736814451527728	53.78051300359561
9.940720444558837	53.911337496899066
34.82970209481581	48.27380676574376
33.85648770441083	46.4318898827757
10.896743938117364	43.576335009760044
13.325224057164503	48.50929937972493
31.555767833741626	48.046064213608595
30.21003667734769	48.49734701347
11.516408662251166	48.19378194044826
16.020063133557173	41.676379923562834
36.356366986890954	54.560631088134926
7.614448166128007	62.584910721678696
27.531870356025028	50.219092730970154
24.663682234664495	50.60473343218055
21.336046073035853	54.885996765465855
9.218468936803948	44.86818157575368
25.584833838978927	46.051069925645535
37.58982418546722	56.002814819101154
48.71555516715636	42.57691756491582
28.463944445890004	49.39824026813958
49.99134817660867	56.11312368709615
36.50600230124749	59.35966353164316
20.66101893319056	45.8637903372707
25.138657688420444	48.255140584461635
4.305082917916697	59.34499756657938
37.59596311756499	49.897889719429216
46.53639431750691	48.325908770757096
24.11493597714135	48.49456003019439
10.572851115329268	59.21573689947191
29.478904786282527	50.42257281818688
49.513765285344654	53.242776017769714
30.460685663796404	47.00114007441729
40.30462694763654	57.291382846138006
13.53492613408318	49.43718631759253
25.294168762735108	44.77106613324109
5.995412856245369	42.093877796401664
11.282061175515567	49.60913909400822
19.749091486169903	51.14666917737558
20.15488713741093	46.019139732926504
36.376273661148254	42.57244644981495
1.97678607292599	56.96020103180263
36.312069981621605	53.295638621173445
29.084857439882377	41.3311671398932
23.58270186469503	48.62432767934221
6.045884187327665	49.14807031219611
23.503780513940754	57.227880289087004
5.1070668781397766	52.19752702332189
33.972049158612705	45.11639452701447
38.694612281769544	54.35410110662279
17.190085875532983	45.275968783147384
49.791946594949145	52.56982196207942
12.781250966643842	43.39573990687712
27.349348330144636	47.501141775351854
4.782174923865801	50.89296975598958
38.45243886603287	48.63967076564187
4.6235337781882935	52.58282009295132
8.75112733434849	49.332995158057756
39.359814600700474	50.34503798733544
40.30555418957508	41.01141748713516
43.06205740246485	48.03231661297284
43.30807718270291	47.110040416777586
5.9845301535854265	51.85620171777353
42.057893929868236	49.691614230941354
28.562412789340076	44.20718330068141
14.2669424647082	41.5860303268572
49.27925692938361	54.89151403709249
3.1092905223065346	49.11632652980009
26.52605430725803	56.41696078179288
20.488040073774304	46.306829009695676
48.3088430622491	53.079241949496634
35.90761743127435	45.22742223677541
42.93551328067458	50.50436145167503
2.0295945448767005	40.91264869125892
22.597524565759368	47.84190774706516
18.250771189913173	60.73004953113716
10.776903882516098	41.2871989665257
24.480152004888662	47.92874741219197
30.86661982973238	52.52583820027935
27.335707501160687	52.904925150234725
25.802947248395437	50.407434163381176
16.764408697757275	45.20796709813678
23.24537930064351	43.84090164503694
20.366740625872566	52.44828432135711
2.011030258795754	54.12826166974901
15.582225025872221	63.73984914452926
6.229101642655433	41.24194789382701
18.516636992332035	43.63831070804614
9.457275262315829	45.83546071338421
38.510222573573714	49.255008635809276
4.2756886775427105	49.41127206125766
24.898433031167528	51.02058843496372
3.3509718137148314	59.135248232472904
35.54578689855237	58.16488571164914
39.043975914972975	51.76364740748385
16.62866850184919	56.1325444409444
12.566872233995301	59.912391218773294
11.952856138471418	51.579090969006856
19.23384386937758	42.455031413391026
36.92909021040038	51.17225498113049
47.70625118509603	54.42507198221677
26.163734152301316	43.61152405032085
7.831421526835353	45.883623216111076
8.842166203823364	53.82396488888585
12.033776358187886	49.00746242137801
48.0799973749476	52.683808628303034
38.04529828645085	50.34246028445153
19.930740781095498	49.34591214209082
20.912262819406923	54.45518984946232
13.546190389658907	46.596786464466966
6.023962344713308	43.861359921163526
14.558941931812491	49.10650285048591
29.628880831289866	49.46075923693139
17.41437770414483	54.17011216173744
16.691621219599007	41.186895375884816
24.77785242972021	53.28392613308685
42.315408137051854	49.568862194723785
24.344205749449472	47.24724708861409
9.66770431818783	52.242866352405294
47.68092797438388	51.674553238145876
4.011541120768586	39.545218639292955
7.096470901130713	55.65634067343053
33.10535858971848	54.54377322721662
33.70572011035826	47.25298176308471
24.376149660333922	48.60571185973634
1.1671427485060837	46.76578800225908
12.513814601877653	54.043143961778014
25.438077015400307	47.104589434641056
4.601231695459757	56.76574240261421
25.57419542800683	46.48795377048275
3.1493281191146085	57.09192614250165
1.1276789059324055	46.40294084565486
4.9146843921162535	56.57077883716015
32.92667176269052	48.91379280835982
25.551101640077878	55.08387104344845
21.32908980588232	51.62513410053031
2.4078107006602956	57.318677612025475
33.52976382198091	51.381194644862276
22.563905095458985	56.1755657115656
31.653508537105466	55.197833127329616
29.979922756924843	49.15476898448965
8.169747304456132	36.466646484580046
2.4598794047562267	49.15949061061307
49.68531460712457	46.409516136513886
49.43042668688741	47.51505096034942
31.957648999830603	58.498408484709536
40.77905827270949	50.407842326251064
31.96681281439662	54.691699321365796
11.66217404181687	42.98866198852184
25.460366636915353	50.87117771106758
1.49435851293383	51.6088814443244
15.761728311983363	41.46302370449006
42.10492645207336	52.95207133919575
29.14652189815574	53.20000160313364
49.00864268387915	51.490633755463385
5.448728583919676	53.64322656012422
36.111628111283466	57.350424972076155
35.804603551156916	42.024331103169104
8.525531089523225	58.99547290618398
23.951123286293523	45.29891939614965
34.24929275480026	52.33026859347008
11.726187923567382	43.77868708615756
14.465521673026638	57.48249829786854
10.6486342618417	49.70532707835089
46.393285112774265	52.81213114592937
31.358848450083006	46.59752102240213
44.505540532814706	42.82761518801716
6.019728307147481	45.922267724400115
41.49855969720242	56.34108843665235
30.113079286124766	48.60668593149645
31.857413723050765	54.33418547125693
45.23057120254925	44.25683406364816
43.12568637995844	51.79576567610225
15.228479384699916	54.58152268160285
45.744658172187904	46.84674191371697
25.492872094314507	59.43340447873475
8.61930565175309	59.53421029495146
0.07348096505066515	50.431485698521705
24.048591209624004	43.67080390909607
25.426815459053607	57.42772608749692
41.71679226797784	50.716284634910146
22.861978181290727	41.772324404344204
18.631153114563354	43.30563632400239
25.25559606419816	48.510708522690756
26.119311862047844	57.02008467339705
22.282393566758135	53.753654192901614
11.14469474564842	54.01449688932472
23.197751063138085	55.059198866340985
11.11828121097242	42.596066629284344
41.37048164629788	49.216941462737545
13.378556680782182	47.18944382372535
44.252413237455805	40.776727410553086
13.385924315579706	44.426045478417265
33.5400375181711	45.92012394837199
11.820627338586448	53.85860064338061
15.246877932097803	59.69016582132761
45.32998283883367	48.86803714655859
25.03247367197392	49.635385127374775
10.43707152670017	44.06714787196708
36.92656777726883	41.174291382569436
21.033842887281633	45.78886498357943
6.964055083677733	42.49314720876163
48.20984608736158	42.62478006566702
47.36534705906376	49.559356117504095
38.336244688860575	56.06963369214207
24.532667064890774	46.53174477800974
20.19614376559053	51.484303949166296
13.019624968370458	51.131021016106374
37.19494898858646	54.07591611397583
24.30551285244089	56.241538692534625
34.217490083963284	47.79989278032077
45.56637999699043	48.15711817559112
39.46061689663811	51.78802655111923
17.47322798967339	52.555903267253356
27.95173509596492	55.78392888379817
15.683198076863869	58.84141116555637
4.65673555583514	52.488097056973416
30.647892242714953	55.799971393742794
7.092701359959808	53.02609666333346
33.401062291890575	54.56771903847898
19.976022897445205	55.06340870315989
28.74037049425498	58.39714631050267
23.41444263986589	49.8474666451614
7.031003926583107	42.71805564313761
30.97376386797353	48.57771948832548
9.648411180268857	49.06473673500153
28.785725554943514	55.660733774615935
23.846902482681465	54.40529461040326
17.586929961682575	43.28866092111835
10.377579709393098	50.02892201400331
44.53165972416502	47.05130639402821
34.347637154271396	48.09047569634239
22.61093878167596	51.36141470618173
8.614388317579518	49.59030377265616
3.244093007567966	52.4710936949001
24.38003245036703	51.15241284156746
0.5662026692584199	50.61803810544625
41.33587656499398	49.75107734134485
37.54422375704396	51.99561510113392
34.06465245378733	54.39770702152397
5.471589339844385	52.26427107943964
28.4258515025117	61.929471796916516
14.130636256920932	50.6276822508572
18.795899390535105	57.4083245576117
8.126672128320205	51.53118924218545
26.527428251563805	50.38859012686571
38.3022174734251	46.03939131286889
4.535554021887	46.10144960886345
34.786714735876	44.94544993658423
20.579599220564894	57.16484578313846
44.37614600016863	57.267069985502104
19.28024523365293	43.89897726222117
22.640992064953497	52.03281065833182
0.5004271470256949	46.46505172877594
20.53777570400051	55.16199334923902
13.500949892540259	49.60751208600598
49.04466642407187	40.87518774890549
18.602864781474	49.77799159866652
43.74087537470758	46.22913070889669
33.42849525275866	47.69745784991585
8.713269757606563	49.22088443715809
3.04737238891129	54.327632988847746
49.16566067172725	51.29080309044454
5.2650923541868515	55.41021398071491
12.336250372703116	44.68540862192135
28.340754607043305	46.78639640732618
14.927931584784554	57.46963704372315
22.77786096644664	39.97115352521098
9.829764607426977	47.80759339008843
14.299170690995123	54.35541712722968
34.148049175020624	57.11895660960892
10.18703470618486	50.42816802525651
44.82416019083222	43.29705617198947
11.537226095137681	59.354115234785866
10.0095835177263	40.04172436982604
13.537288368243505	56.12541321704036
40.120394705585674	41.255013865187244
18.164371135664382	53.286283790862434
4.033877529540836	57.07200570071764
25.74869352740207	54.510191753510526
22.70893754276728	42.231354453091335
39.91396722281838	40.25876950929762
25.50012524782126	50.47593093377989
48.35045657169563	37.35491830492081
3.8329108793499045	50.93138951519535
48.42810724836756	50.60832214356702
11.766338959554218	42.15550403940085
30.581793777964755	48.87108390051662
43.209023359587064	53.42577924104395
11.027092050686772	52.04353143733851
11.824608900085964	61.624493164034995
11.246911112131741	46.5173973170931
0.7693365767689198	46.3162496153128
40.52649977283527	52.35095520232852
13.170405708416649	45.69670527861557
24.849640037618887	42.18985432255774
36.02135528657505	48.118339551293275
24.14468709358488	57.86680830764534
46.40134068823883	53.89650002159153
46.769770752530626	54.490681978606574
5.191637540597799	53.40820291954077
42.58823860200853	52.62646244589705
27.03077985924252	53.278240437495356
5.068808914125072	51.47453547905386
42.75449891628861	43.831601932695314
13.977834568011465	55.148324639607324
3.850973183815082	58.83114518859321
45.17370694416375	48.87165067738104
43.46502011153493	47.22562248761565
19.59941155979677	47.78634708698521
21.0738367434913	55.18102531036264
1.8266718344724042	49.63407729197728
43.111754491018175	50.709555360732125
28.351335417064664	51.04496329649637
26.37508129797582	55.30229035253392
41.68959801961589	44.33715755471622
15.819098307538631	45.00815931978568
32.85972388728665	45.26228649446509
27.270949294091146	51.3179852740388
40.61775545696355	55.094845653104414
32.75186046297566	52.97445679293267
6.07652504026257	50.54078119998595
7.6208310417533065	56.55805894778592
49.01325074864125	53.56924422776116
9.023096218022426	43.924917865285245
2.2075431680727506	46.31437462524575
25.38761333791112	41.434059729044755
19.542734727549522	53.39605493167575
45.48155081041993	55.41904469729806
47.08738917350963	49.36269650588765
33.819873133150594	44.76351843216449
19.190942438129078	51.33128468975001
19.775700052967043	48.53207254590982
31.58517658332628	50.519642546336186
8.956998166920377	49.34542777155773
19.992117137947822	51.404708415433994
11.52243923049573	44.94683808113078
1.7758436331889949	48.166006685695876
29.478608158161318	52.0895933633327
24.32974753901008	47.68899630260112
5.164682611790866	50.41008291700223
28.280602074153677	52.26789162736739
8.761781524128798	42.638793297118575
1.799913666832731	52.549582749378416
48.23266772207626	46.514650854957544
24.44448881193267	44.57346339439648
5.912771163069447	43.085890523754216
40.88479693424268	46.61256072747012
34.92184999729403	52.93987833927165
2.835992242210761	51.523373499717515
17.451599342039426	41.98355529519432
32.931114075868365	53.588720440116866
29.065171325062472	48.929054395699254
40.13978863789589	52.218150847994075
39.97068263427161	57.08868353398305
34.33159471156368	49.41329911171433
49.94093639126869	45.0679031052008
34.39369466695288	53.721626844202305
30.91597079116274	59.189120024775654
5.481059682660339	49.799231469590694
20.16729496019743	52.56504490635345
16.602118860347453	53.41596305453867
29.428496013394096	51.35988807631634
16.468263539337563	50.64449613649264
0.3038586381587438	47.71576174738992
23.3777313087651	44.19769448921808
13.428867388551724	54.622523433122126
34.56567363064629	50.41377395484451
11.61236741666103	47.54514871043276
26.86534045857783	52.220282139636105
16.751466313164826	48.216660907223996
13.498805735051423	40.69903052357357
36.50331111027125	55.148538378762765
14.619145093429841	42.96499488656416
4.756944224359333	51.2347631517553
16.58527372801073	52.18345769147132
23.339342177323196	48.77685176766173
30.668420797039563	46.08248082269772
29.891529123391226	49.53902402517809
4.795229523057509	57.1783848934678
30.432944747581537	51.10604286202876
46.73853722116877	52.70644394185803
23.18611034246077	41.88097545814934
15.514558857336741	44.13781424818545
31.454727468165224	42.70063418969441
18.337044528197126	45.70485116655448
11.129695748180591	56.988502546398706
17.22313968436004	45.559933515805476
5.720055670816398	51.438891384103336
14.622151299998198	43.16098003691173
1.097448421703473	45.15966170947562
1.6504343351017026	39.64286570381769
24.057255383657168	48.01662109004081
26.707337093879985	47.21300068755145
28.05155680825655	51.39980022144929
44.108506234999176	48.092224799140936
7.442860949162827	49.83377261918782
26.36789333851293	49.95282877653016
47.83559274207637	44.07746638773179
26.626048609741893	43.15971181623279
8.906281023635348	58.72251400004891
23.10121962877242	56.6128128227623
34.430159819595595	45.895231745302524
15.947180526755	45.1848803687287
12.093927725644582	58.64767772029067
42.290386842483215	55.517254097119995
16.699078998936162	45.46315614651049
4.75290470618156	52.54742984080006
3.0568462708354227	48.76473092278671
21.885867830737286	66.60820617867608
30.491766438224527	47.49015106794401
16.933114412200613	51.806053016940375
3.5817834556483854	45.84858469860992
34.39522926547759	50.069134689185375
40.020730031681026	42.89518967381541
13.22476368384448	42.532660546575556
13.416227893492454	51.316482463535785
2.605642826437715	56.28707825315303
75.29565861880513	72.84848617529286
80.05942386796536	77.64990712234123
77.67950513007972	76.86998887017303
50.24179279331028	57.20936716600565
95.18878954421609	94.03016637201557
93.84038281032937	96.14143531716832
64.33753762230546	58.592303515981044
80.03788205013552	85.74189730257297
69.5759289061306	71.51499008117679
86.41939157194864	92.3522876088945
57.48405960373074	56.92771738541456
57.58621025422859	58.83465963453023
50.424980066014804	43.95762845593474
96.45215053565181	94.15714430764777
88.51754298002555	85.61530159621559
94.4218639787729	85.86916009618118
59.43770485008851	63.71843017902515
80.0606441624437	85.22559794181035
67.93428530856397	75.12093940654213
53.095750345810075	52.63550075566135
61.78161884622015	66.52365586548805
61.906058696935595	66.11474990313984
87.84816222743834	86.50373283860579
87.1198157211413	82.3333531002179
87.5403143600654	91.11894886298835
71.57693030934286	70.26282409916334
62.12302733266065	61.42655872674067
82.03463140834836	88.47834991455503
75.74881413699977	75.13766395187237
68.15257633903359	68.73820994226188
57.299647975093634	55.11563101398731
88.62592472964246	95.31496481398781
72.27413449832883	72.91129498723177
83.41547104057969	89.2526138791058
95.5792031443897	88.42058142863594
64.87289668912737	69.38444788005965
63.87082353507713	71.67405027472803
73.14448528067311	68.02060527323086
57.41791378698488	51.79549404957896
70.87106114014718	73.04373318911786
52.936261456183985	51.88304678502799
52.90843512625467	53.68382911714658
88.62954086200818	84.97987217487646
63.879997115587315	50.75138710650075
86.38538638809521	81.50051849030135
90.0766184519142	87.2844122809958
58.00461298127882	60.463481654200834
77.23224390821494	65.03280277978257
63.95027923696699	66.27608010441018
82.00987398456022	77.61130115051044
52.72216935973981	53.08175062233615
99.69352028184275	98.53270286735146
63.52661805590874	47.03095487565979
97.16520759118092	100.44523496418809
77.46632152432262	74.53788496344653
53.54463000358634	53.527898505084416
86.01108893594756	89.08381198193958
87.37288868149369	90.21000602721526
58.660344323902954	63.96442775748915
69.42321999378998	72.92326487659966
77.82733343379584	76.21003002153063
69.9529994806344	78.59972889343952
85.9259636884243	86.51517549760806
81.18130507832028	81.4733089101464
94.55703775386735	89.05682058949162
72.8987927538466	71.5962705841373
62.53838455059079	52.56822322982369
93.8963021112019	92.47045179270134
99.23839394751283	97.09263470793827
95.83941088642754	87.76307782154903
92.09985338516123	98.5543818314434
65.3359033804968	61.05064250153968
72.74192611280624	77.5177182990534
75.32613934332169	69.36348639853782
54.243756065806274	54.033970087115584
58.27436877044141	56.280249735747994
73.86395733575628	80.3090716540545
74.27279143173065	68.85240659308066
77.1346969142703	76.94229040081281
88.82243159745938	80.77732790996839
97.64387229644922	105.46218587458571
81.36620606951647	87.32120537355823
97.78543236391906	96.66044489556494
77.4680439267324	77.5244328185009
59.362624831432385	60.3642122626142
85.32722495916987	87.0794152603234
93.00200834608452	93.5852578784943
95.91092117763017	94.39938883859084
88.8008346268629	90.22482814567527
94.90873232987815	88.5455054902485
67.09809014818231	67.35442769696299
71.5867090387355	73.41162083518718
51.05980835639908	49.44116433634045
68.27904398309973	67.55020131072047
57.943675913987306	64.39469914182686
78.52655544131346	88.79395994766753
51.18206479684878	54.46629325535306
70.6704831285385	63.1714685269574
88.11192492633896	83.84038712217846
75.34814591827583	74.24848284903445
89.46495025978189	87.22984149841535
84.37522711668103	87.74291171381363
74.65217431418603	71.91412340414017
71.13107004722465	70.33024360474631
54.46624386375636	60.59415154966771
61.086668456323494	59.30046836125105
78.42087098959408	75.77145888753975
84.54888181034742	84.55363754893952
98.19633823918258	97.14394704900302
59.824811120201645	63.11015522352803
80.95655339695195	87.93964924866326
80.50862196589745	80.21481179627689
83.6891077116063	86.16613268399941
60.055545168393216	61.08652050620598
53.333203342437294	50.874300493523506
54.76800656712086	52.614154715541076
90.32683838343532	94.63673349840685
74.02066090970479	71.65442626907031
78.15897372349374	86.34379718521858
70.74709039323642	57.60218617777855
55.31757598236933	58.49425806584808
58.289901840531186	62.14615912551947
60.27866840868793	58.71895519904287
79.18938799273585	75.86483202885168
72.086464057957	73.26258555856742
78.31716838640202	84.99045403390176
60.96878279612281	53.671938533756176
52.344934372111304	46.943715413718586
94.17278209262494	86.95359924004752
53.3485795571282	60.35288356637424
71.32984290709058	64.77132858996575
90.15716524916337	86.10071942461322
92.34139255864713	88.85891791026083
61.78861362968216	60.05240958385803
91.3928463273505	91.11562614822907
53.03059654056957	51.056588740411435
89.6855299835054	89.36498495505266
95.68466112873142	94.36522598938126
67.22510533144745	68.0584266186319
83.37354025558966	86.51069208291761
78.6723437824831	73.80194981930069
67.91620152811088	76.54828568011007
91.37572032249867	91.45934902574098
69.08464424257889	55.93797429834432
86.4665272291628	92.24573713404716
60.83877468844993	48.96916650422676
68.26135024225141	60.49256977820365
73.39320300343539	66.74378706764172
95.30118835278523	97.69658117286127
83.53199891392316	90.68282981697428
81.29654275780717	89.05720086890659
97.37734511230536	92.99223516886116
78.70220556567767	83.16550557336161
81.09220625970079	77.25869736557472
51.00623453863993	52.39708364901593
60.39768217365784	59.0087614590762
89.29265070980952	95.05449558278167
67.50361954163267	59.718735144059785
65.17325056959928	67.99804203047427
53.10398191774974	55.61771235465051
87.58087371423336	87.50279960168932
60.537010928758654	53.66272524023017
63.36100494667459	58.471177467934474
90.1764310159732	89.06893221433411
50.87314745533993	46.05078378615505
97.46035017959224	92.93137576932622
78.10957162210846	78.0308588901747
76.96440117229062	75.17655088366554
78.11864634830263	78.52600469470373
58.56868029351006	63.34952640657861
92.4084549920148	98.90412136058272
89.23742580221086	94.22585498176572
87.77106205987499	98.0118135473494
65.28170776745665	68.28358661494083
89.05185480809416	80.032128367474
50.42804447119004	43.45480035714973
54.473605434542236	47.43405758248299
99.270686838492	100.93232148242345
70.56675482587173	72.51342420877664
77.76704641458451	74.14908685245307
87.65321630525663	93.40512088338795
81.5268896872554	81.96039485916963
68.72058914810445	60.77287179692161
71.84276623709535	74.30625593002608
70.1980129525846	66.89266114810928
85.76136362199873	83.16714887874498
60.01465297542444	58.26973294236273
55.74606374797853	51.571040179205745
97.20915384693313	103.65770601694219
64.5784922213042	52.37932519111756
78.21322186780193	79.59408847486743
70.80602283619601	71.54250031263042
55.892990448193274	49.63414307287901
87.452909591988	80.35870441485237
52.301177421964255	43.24470486964651
85.3798035377439	83.43820452080112
68.45454330339398	75.23399368515194
61.27673677630203	63.23845645138469
80.86148626270007	66.84955602104588
53.45693601939171	60.87040538333047
78.7904775945459	73.4313323322719
79.99335936744772	81.65861827375753
62.600475803215716	54.85748395010933
64.9661446797569	66.54678933475597
70.2648041907911	70.76795096605039
61.18043440032109	69.1021562678449
51.42370025314835	47.671496899344284
57.551137187460114	57.09622391325169
81.24165363342432	84.52198150104499
77.7107500567218	68.12579438191328
90.13012295038874	93.11300862407292
60.43180446776066	65.09068983232015
57.90675924524775	58.98621021700477
74.03825079921802	72.16521308012513
98.4596938697087	95.43926226403732
89.85361854511275	88.09527353352219
98.90407980472543	96.7212136661999
68.79214909874939	60.55661115587776
85.12962210243649	73.85066506076093
86.32746917836297	79.28054976781189
85.80365247119173	94.97058433449884
63.255681398448246	64.02748273698656
91.58368830202227	88.77486034071704
53.59682289936913	48.341478981139836
83.21476937040731	86.86292485469737
81.4244724998282	81.62941420488485
80.65212913046753	85.69039967129069
72.43772732377563	71.60768029758081
58.362818921489264	56.84158855741724
63.99864908062898	59.83436844915605
95.26800924178116	93.5105964356913
50.126352521318374	46.397466756606725
76.84549275508661	78.75946904877024
53.51882164333668	54.853605132705006
64.89743248674905	64.93940718406232
72.94278912596577	77.10048647936789
70.31993642140088	69.060775553251
88.88827028505	92.60909659558357
64.16131632225482	64.96972216708092
89.80009720641061	88.49592737909147
79.48251479361737	82.14528459449055
93.0799543038305	95.26213200625189
95.03164097810385	88.85547148656663
69.17643606416938	80.35804887060894
76.28591535572116	77.1642765412331
88.53373277737377	91.433377851858
84.12641589897467	83.55534893549937
50.46426549380363	47.643911371244506
78.56116209989153	77.13911265776183
84.624841955193	76.80965424609575
88.6193840196876	91.47986434617982
77.7123905232004	79.7371956624332
54.2426684682055	52.1618444892943
56.279423602393706	51.01998202222905
64.5009976782516	63.36165439873743
50.165636287068175	53.233921462829294
80.31290351359459	84.79297331177622
69.79458031383432	67.41212047952354
61.0034923274849	55.7553193816249
57.06448885930979	59.14692199876546
85.41673299256121	89.62324512921508
53.26115482416788	50.547003288248476
52.38942894173078	51.43712951274052
89.16161669853803	89.67126539479126
53.05472171337999	48.66208320479666
52.150783785811235	50.9867146458919
90.63465722100635	86.14083563902206
96.7315089857548	97.63138987631991
74.95590607915867	79.12620519262828
74.77444809202304	74.3539141428006
50.77993111265627	52.39024695797038
70.10073568699578	76.96711345599984
66.24912980587598	61.791034292669636
60.931647154244935	60.528428539139114
55.5091062834972	49.608180536347284
75.66875630134118	73.92544765706363
60.35033224052821	68.69066131104407
70.84999729838336	77.14511432304154
94.12792457776983	89.2633155122899
89.89938026378172	97.02752217933674
91.79451166385397	92.21585196663712
73.54401276434237	77.87927748982432
80.67735625362765	87.90617594879853
84.2545395670177	91.16250734592982
51.43289963750451	53.38071872624971
88.87174215151204	88.63685511113687
57.02087194809898	50.47636188990931
93.47043251459273	97.68327066048596
67.59137401916871	64.63109678480636
53.499425185911406	52.971021579848056
70.4143621586312	75.15344614221826
89.53439098621772	87.39818235675142
59.007638532837916	61.7761303545754
50.616968461064786	41.83645048216506
98.80762747760168	99.76846963670225
75.89282430505361	77.85621692948618
75.81683152882492	74.01186773957997
52.23141950836696	51.53292410867099
86.61568159495451	96.7050933538064
52.04746991507487	56.07290914761809
64.67229597245444	57.74183332136474
97.14373310572577	91.51909799458679
66.80802406960527	67.37505837186342
79.03440985332335	81.88281600321523
85.54119154600428	88.92684558296237
65.40606293389	67.49535968782837
90.65148306994978	95.8171223915386
53.73430761457553	59.52849756447378
56.368299986852406	50.548987161005655
57.4401170937397	50.6130245062216
80.83544610750147	81.56631371947282
54.58983789730069	52.139283053578055
58.32896389543564	57.013169196403
80.13272727924397	77.41478761830678
71.36874085653776	74.08423155564289
60.965391413313064	60.62126416965342
71.68093177213565	63.16917603581577
90.00257045614741	93.61924728303394
86.56741469637832	93.4871171905594
75.05326785806432	82.79896019881205
56.270862019180065	63.61027460235162
88.09751556249671	83.84073806243687
91.19292428348714	94.50521100403833
55.97116609011209	58.129632674243155
89.78878708547782	92.53287381959227
53.22066211285208	56.62055702547543
87.70422469300907	90.5985236556456
97.68396222786603	97.05251261595453
64.89675674733157	61.357139714920606
61.08659087022613	55.40844100885756
54.81400375659745	53.202647895976725
85.22629721979769	91.90608644474953
86.81484056308713	89.52230226585621
95.06437315919365	100.76906482353917
73.48752170886272	74.81583181838802
89.5468351511828	82.81430259954064
80.90852837834504	89.82149636728057
76.24852321115546	80.38652265641021
81.7119732256582	81.74931689251605
69.03377046278916	67.94177076019021
69.1066510835243	66.05617058850311
64.7305487594322	63.16694645868734
83.39258170383721	79.25577199729253
50.74922277956754	49.819999722482805
57.229493145029615	61.01347703958381
98.34852981559322	92.7278427938848
55.956745280965706	60.3122978828375
83.11634733447445	76.18739161008543
77.47977577341285	73.1011909942417
50.277300352162584	45.309913840301654
56.7720344989173	69.312409132057
70.69439545047541	58.45425424892173
99.8553041265305	101.67442861803835
91.55476405923105	87.39383505800065
63.818506268034696	68.9498818214499
73.30202673468176	70.78399382015611
73.73522049388313	63.66992288274555
77.42873091455226	86.36581912882409
76.59348120877785	71.06883737063411
60.44369902370336	69.51410652900643
83.10363660543092	74.8349341124843
88.97005500965156	98.9566528759505
93.54328987765953	92.18476603189991
55.56386006845054	48.269927862172246
83.084066886535	80.58776926019587
58.93214682016686	60.195945572112976
68.61403902634224	71.82020089330837
71.4131224352152	71.04849279781276
87.40288818141245	80.75915036469118
61.269122918513965	61.06748723422916
94.14809610581008	93.0857063561713
61.33063977871108	53.328531937850926
64.71427008806918	55.3162818935879
83.26423542087464	86.20532899173939
58.581740859650644	62.705007406556035
96.9032786393069	94.5107090320745
59.13557625585648	50.06857043646922
99.56423772394773	101.61559149094309
90.2471539656812	88.62353944762289
81.74021184005007	74.72137892594999
55.68569402808394	54.13117784342899
76.97179440270463	78.55112637089107
63.33498201092275	59.78096767413771
62.30851759982032	61.76614580562122
95.76136404207818	91.8697712390641
61.252535442672155	55.6848154571422
82.16805079269147	80.24914576003175
93.6627162677313	94.39740233282271
93.06328909398049	92.52620734473753
53.414841201197014	55.846030908657724
79.9680789838605	79.53806978879668
72.77979716080485	78.83480122092597
69.18019262381551	76.8750482628025
80.76019290698508	82.5037963211026
59.45742072612675	50.80532893145789
92.69694974627451	96.4072475106133
77.6447397546123	78.43348478939677
89.31511195260123	90.77158412222765
77.14801582093311	83.85531991400039
89.10168351631067	85.05085903511068
94.11041380858151	92.07452769988284
76.8448811080187	76.2102844968461
77.90394921428903	73.49020349603833
59.34981498079788	50.00815980719811
70.4763601188506	73.30660752336128
51.712048217025334	47.93903614027587
61.63597542906681	56.94589437424255
89.8627763672851	91.46963826876478
87.52468488087906	82.5856958635988
50.47152729773139	51.971452949752056
52.05015876350028	50.52023474547805
96.01551224619192	96.65301658079903
83.54199480220527	72.49996073497988
86.53477909338434	83.98988863482109
60.21534039888885	67.31321393343809
64.1545852578656	68.15542904806074
75.67177850369134	85.78596881580826
83.91176669678151	81.23960301182355
81.50245055109805	88.49043401086787
51.0068885377884	62.080667178814934
67.94309094124779	74.21074031687758
99.60704925831328	99.90866117222029
99.02899062613896	103.50006209129778
77.28090435753329	69.88480602897285
80.61071415859051	81.80773272157778
65.74597149277773	75.06298093608697
79.6480072894028	77.03627401396757
87.5928574715501	80.31764917223047
54.96322350220606	48.75625021954261
90.70386593751525	94.67271390863297
60.36903795625268	64.22526688463529
72.65979413304751	65.38947581998306
61.315368967090606	56.78739133384478
71.22639961514902	67.57064782208523
71.84723891981784	80.52692660617228
67.99087437037345	60.40836469406648
70.22869309224033	73.4405260896155
52.94713156593767	57.832429340986245
59.14682153712989	51.82157827702491
81.2586738286062	75.46419703985929
64.33384449381978	73.98753308649239
80.50773768073967	80.49701668222055
95.02304400455421	89.51056258935319
97.72428305850711	105.27463569179238
74.95171114367366	73.47881334077329
58.59133675507013	57.30054761439053
55.73405981380715	51.0021943682802
54.09456163186573	44.50209600862186
56.3608930115389	54.097194103888505
77.54553823378303	73.59272835784532
54.74115459007102	55.39136132564455
53.7613545581444	58.0893068370332
57.331194595060374	55.008614888289564
56.5128585069479	53.97771560046219
54.93909439172545	52.60470102812171
76.45617685029106	75.36983671698746
84.0223636976053	82.34247645052761
94.7267310748808	91.78477560511608
58.42553360083257	61.70700326205834
91.38483556009358	87.42744297243887
51.54598380662732	54.58492508597196
99.1156950370547	90.98705033572506
96.18088569822068	96.10313888368312
97.55994859670142	89.43501615172967
99.00214792628023	111.91845246209485
58.547644978428806	57.228251645439826
57.78055874881453	53.0095345199069
77.2686303884746	68.57418582631983
82.62116835432735	73.82222565816865
99.07605147620481	89.03760418668075
61.94061607693433	58.95686934414595
97.15961939427548	99.44343973870858
81.55949987923339	85.06156917896
58.58392656944036	64.80302540735997
77.27668513328034	77.17960556586064
74.39347059394194	76.57229610089307
88.2038443397611	90.08723261270397
85.3615953642806	95.264960951742
69.96085758045038	73.00879663990467
69.18142719329454	70.62145465057328
76.47638515760501	71.58133004033782
69.79388420170028	69.69343632257379
66.07015086267612	58.94202825436524
86.92049629161075	79.45168451723944
99.6386489236895	86.83128515536683
80.98666753651321	78.07540298474767
91.64306399412152	91.78681916277408
70.62644117830261	71.34879023197271
76.42662248547437	83.69778654652741
61.40389709336637	52.89088275724509
94.14078929171893	104.06530560409135
88.33059239724363	90.83556321011491
96.89157061363255	91.25286753755559
75.90550712021016	75.34112168146888
69.89898738089423	80.24406964392676
70.62085218026931	64.0517159975571
84.74528959774689	87.04164475654173
52.563608949185436	49.40974948046016
54.75152682337465	55.393165675179134
51.447608949257045	63.95836697964119
80.30930486915375	21.50688535432235
62.01070764234364	35.431018788693514
67.65962428393408	32.27614745682818
97.32355292080106	1.8457218902891488
50.58722196254996	45.074402830882946
74.84653637240922	23.451203052976254
55.83967906840091	56.796686053146445
80.89129233705356	17.614330030942767
62.917024443244216	39.90371746436852
80.6519900621857	17.337758561300248
97.25315847631317	2.7302124656530284
81.06399048227026	12.08066683882332
91.92931569429184	8.968360591409253
66.69842522987591	44.754133789351314
66.77655374386032	30.692780903048785
82.37234251218749	18.42751851174363
61.14298096441923	37.49467118451715
50.22007577469327	50.9071567409896
64.48554386075287	40.951089784552444
75.4040280691689	27.531488010672557
93.73611586829281	6.866252723887219
87.64187056954185	7.193222502125001
51.82308113217416	47.86165708828069
66.46451045268509	39.46470934682291
61.86474190143086	32.85256093832714
77.93288894315097	22.791724650431647
73.33728032929037	32.72154007761103
65.11871664414492	31.850122741314557
89.76940709724968	6.11101137158298
56.57603210226689	48.6301389837125
51.5306192629485	50.33562862040468
80.13085564557824	15.843585053560755
52.47333465185193	50.92191095306725
51.55317885769202	51.91637815505154
79.86593109900468	11.448741314857408
80.03292306831727	21.478152165840747
83.40074323272083	20.819223477796374
54.617511815888804	42.53236033250358
57.8054066028468	44.9147427407472
75.9382261163314	22.751389805458317
53.167547964985665	56.223529174281225
99.54860240032184	-5.742500958910304
62.88197323511064	45.238338149461974
65.47197101370523	36.275397077083404
52.88637236623304	46.15042262622096
98.21695386713508	0.28686332591684205
54.80905417181812	53.393626188751334
70.16614117529788	33.16697243893579
53.53334263118765	42.982043457141735
59.765193850612775	42.23032468356774
95.17430789018421	-6.933089985866621
94.50228258538073	2.8005328672957726
60.61457342322804	39.86275533046134
96.24242630722878	4.9384352338923545
54.413274273189245	43.10217432614089
75.5973151075199	31.89633490961971
60.770295617211104	43.13761231335835
92.52200547037536	8.118807376926569
63.93502240986625	30.054210289490086
86.33673024702946	12.40162388693092
93.18852386836976	15.552528666495267
56.64563451467616	52.503900470497776
84.24122846998253	21.988872700855993
94.35460886460677	9.972934984310065
77.73800390096599	25.646770334785817
53.87646012587511	48.98186538801658
61.48649759567747	38.3827584682805
92.19681769035725	12.531933070447568
77.15329810761992	26.410674089458194
95.87543486512884	6.258526550549929
63.44457385753524	39.085726275078436
58.0287808948071	41.71426262085383
77.41853228988502	20.84444076504721
94.86741804342185	2.6531023724129037
77.50467768741714	22.24993561118013
82.77984720844834	16.83520684885696
66.11990093393513	28.09883960010402
66.52169767591164	28.627625280284867
60.276939408886335	45.586831004675574
97.48078023354118	4.485260642112767
58.94678190040062	50.41133109779819
51.46835511103778	48.52219204352929
89.8847607929494	11.2600654491855
93.58729013767363	2.692499199378759
90.00960168623548	3.0687886934863657
53.56924270604512	42.10852434356983
98.08927217142016	-4.485358268710662
59.4365637177731	37.43989745776195
58.59113346272823	37.98699978040223
67.4883102522398	40.66183865933215
55.162604141020175	40.135451460691314
89.96813315549711	16.57291626720492
90.61836313629706	11.9773833684416
69.36618853712662	24.91130078258879
73.22622718622051	33.21541821931674
63.6793907146861	40.37829996745227
58.34417241804636	42.251177830313374
51.16190849561665	49.033077888080804
85.54677803802272	13.301757225124796
68.06617368516247	31.389475974206427
67.04661335284453	31.143391985834857
50.17503912763088	53.93994545801255
74.36663651565101	21.82801621430318
83.93903420380494	6.246483978101521
86.53984621486467	16.056139048642475
54.98346626740979	39.88464154950805
58.79778954002349	35.77109687032813
67.48697969147291	29.283298866330014
71.30836286565511	23.47175131730306
67.17507172279055	38.87725296709748
92.9805425262523	2.1881382161366343
55.6960151774757	43.49481689169451
95.3966903131014	5.831677067386298
53.557938234211456	45.893174172172245
88.50392513897546	19.46169346162595
72.83788613044405	25.449085348881653
79.95697838861082	20.379739903909687
85.93283748741713	19.024147647215912
73.87246512756985	17.598659828335034
98.16602628890382	-0.035200642959750894
66.71046929720318	32.81789429179436
59.38758107152434	49.20297499132824
90.82723623778442	21.959005708824485
52.88419486069937	51.82713153285565
55.262010861029346	51.917607192928735
70.57517318928983	19.328937095929177
53.81058537168786	42.11596096351402
73.64854053412405	32.75679005500535
71.52698834996082	27.09289271146569
91.3071703562226	7.957469487153339
58.68920143916864	45.19853900835919
75.89700185573857	27.604581986967577
68.70658173909516	32.12038410947156
74.51906924947107	28.936435821185515
83.6087431109888	25.81140914652591
70.73292892234733	37.73724289588772
99.002514001854	-2.457388227962747
81.85162381526037	25.5931273882033
95.31974465577207	4.92458894536146
73.78599736773381	31.566013629946177
77.4970662385226	20.175647983280438
82.95984722657094	16.555328419774103
97.20715486777371	2.6077419949541105
57.56077662492118	33.713980182983576
70.97719684800586	32.67729199354338
97.128476103172	10.094696530509793
86.92681925494904	11.02857714120428
78.11775206745135	16.242394842594674
92.9930097668443	5.137972835868844
91.57057279053238	8.926331487710167
95.87525246033836	2.455943299142179
94.273103221462	5.297733575119615
83.12105141422353	22.724572120429947
80.18628919647333	21.412029744367835
85.89768097761961	16.834593370822844
91.76289222498248	1.674706737595181
74.69434327812696	30.513199463281474
79.76572845698072	22.431339272359917
51.483280853047525	39.423471672323785
71.50013442452035	26.837683970332886
99.41638924039029	-4.543524781782841
90.91710355164801	6.987954252795534
52.88640565461812	40.631451491624986
50.908819118033385	53.25976471253016
53.31671083962166	45.89287479082836
63.68981701557065	44.56811438496209
67.10439391657705	39.147852179330016
62.86167001584262	31.72234029665026
63.01490364724987	27.938824434840896
97.20189406131738	3.458951978290412
52.20329132968588	40.58538948775224
51.67678038875342	48.51765530912553
69.95943947021924	22.84046780775329
62.64080491896732	36.9903938733523
72.19815689542713	28.803002397503022
58.79633828603275	36.08958032534341
93.83099959801405	11.966567708947109
81.74722177572627	12.601162951254327
70.8877691760595	14.001014514049544
64.81806018060755	36.34537608477981
78.68988106458997	19.956214327902387
98.91114037563014	-0.056025050646935304
82.9321852467792	10.569705253689932
82.88710816121963	21.20328320512051
59.27893876335766	32.71750038697891
61.67921385564925	43.81878432768069
80.78314404397463	20.122743454244493
84.04491809902247	17.273764749044698
80.25232983238931	15.458658137358237
98.99747384378857	-3.4443715499443854
75.20048290973834	27.834588533833692
86.42267158270212	7.791684165528194
79.02066229094137	14.688006071890667
69.1239347641524	33.35093968091976
60.50492205492723	28.663801100304685
53.00919182166218	48.61189284225447
91.77989459616322	3.8201515486364395
92.79993524937417	11.11915366253028
95.48418731162784	4.566412986811556
84.77358018428555	17.22748691301162
86.51725766120309	18.79605280896797
53.24789374248341	48.5902530636795
78.16872356032113	25.065096920075426
76.63188730206393	23.443023854971365
89.79061946100478	22.73436044008241
85.3451926322006	15.464299339017273
62.72043149130315	38.02536983983953
64.58026650700837	34.33881633206367
58.08482283274141	44.3041360668919
63.38138423427779	30.383655840205634
71.70668603157895	29.549533256897647
70.11156838619708	29.55855035059282
50.917966274312285	47.117260403023586
68.28174812336214	38.273092199694894
50.25513361889811	51.11181599384079
55.13457318581802	47.203102287952014
83.52556934934337	29.443704489068903
82.2895590123829	21.640049808026184
85.72353424233347	18.820669043889865
99.0292611866529	0.8668466708021582
50.97509158217276	53.737937125182725
98.20759238785759	4.04572915948698
99.2873495446769	18.68886139254126
74.70412688604817	26.09990835261739
62.63136521901018	27.81322941243843
73.66009796670643	23.96918120915967
63.42273715345351	36.71862344285875
70.6711547571733	24.605138432776034
94.43114016967877	2.569832492810182
97.77499735289209	6.98393792655072
55.91013029115364	42.03583119018158
65.88782855564887	35.67136743878949
93.40125527386283	4.158146851818558
63.19315143344348	39.42388091504229
90.42082364326045	3.054032268691932
72.68887082177531	35.68359585205933
94.40657526128686	2.771114977641657
90.21803577340697	8.590415578245356
65.15101543163536	35.88218897872518
95.76559163500089	6.294853732983474
73.55803882572879	26.816171677698993
62.818256121004715	39.845161592879656
85.98333252620093	19.610801703938275
76.76335655724144	21.158745526966186
63.89666648866163	34.3330868401855
66.00111800635798	41.024120841625724
79.90292466511033	21.49986621974449
89.89695812069493	12.030954349826914
58.91826324312851	35.64097864866225
52.73455140686312	47.23479955185812
89.77606338500783	9.662542209977701
52.956784412886776	51.58312334229234
98.17177556066014	7.640630012802402
60.70836418057466	37.17781061693213
94.03589465591817	7.273832220477502
60.348387291547645	39.94117636799317
86.54054543417023	14.701225552729952
58.811161440741984	48.86395841188602
92.25682117077022	10.251434277819541
92.83142314033643	2.7227292523556237
96.96822826904155	6.312182181627426
89.49669965208682	13.179142456687345
80.05524905643101	27.05857490176576
69.76606401867772	25.073638471731442
55.02135844902398	45.644776726103984
98.97875517690991	4.275865713180686
54.41244497133912	53.02684388039674
96.57069225614566	9.621914402762979
85.89132385860151	13.190990243351575
57.468452092866805	42.961946876653464
83.35185579414932	4.733675759678432
66.51052618468132	31.095288873300273
86.74629731734692	22.222751051322803
92.37900598269081	0.818107821166274
76.59410703780595	25.027120786434416
79.260570730328	23.247371102641047
57.17735256361931	42.03771957867052
50.08658937366106	49.3008140464266
85.78769241293054	18.44211855207565
63.36737141435574	25.80861551890808
60.68865744285499	41.61393084012526
73.69077640259435	21.666708295582993
97.01294892328453	0.6462345830861662
87.36575011328978	10.323777529959894
82.04444810108855	16.263109786575136
74.49692304904855	28.836236590235064
70.18862921223493	35.80718408307686
68.13192427284072	33.66861373375481
62.00220923873956	32.74829158879183
51.025610275108626	46.122936661700976
71.69448722453552	15.74335893994892
82.30795088188728	18.421958712083978
70.4522366018524	27.189598631494718
96.89516019861526	0.733289428125675
75.44247716818305	27.546060867859598
96.06554188888194	8.56901413891929
86.38128563950127	15.842091012100578
63.63780378853976	37.50988282754929
69.0664079852219	29.70049566386044
84.74405425542628	18.84910089111965
69.73138529161234	37.902471113274814
99.94762208307404	-1.7151084526041802
72.54733554369221	34.09205231252069
69.43369159295456	30.191943856814973
99.56334313562867	-1.3180159954757924
88.88833302328595	13.182079468734745
84.27664791871331	16.445871009647675
97.00038683733084	10.800698941519517
59.52288493115631	43.19848801055803
59.59110329428291	37.076154318951204
63.832107170952156	27.460192214755725
64.8162504917526	33.13935246319421
54.33337221572576	43.97797351842195
70.85368179420895	32.49478118800205
58.24577605822942	41.72454750256178
87.69806843380005	12.626172808784592
91.83890040777625	6.233266423134541
50.5829961341277	51.2552494488682
51.94660252355797	38.70984116403184
58.64539539197869	47.71491023903115
64.89697523665168	34.66663658347516
78.89013539500414	24.407814774807274
61.26489834534713	48.848116204273154
97.18055695062908	4.447896936624008
58.98005277998192	42.79235169849908
72.28014931656337	28.375751806261366
56.801414263009555	43.903913507739766
86.21833371344854	21.042767564938046
76.10551861074357	19.037138520869043
86.96281658914788	6.221086468815518
77.89108554219366	24.084254574312897
92.87871931960888	6.610118456808674
79.56377275412581	24.185077682875814
74.07954147033735	33.768568875271725
97.5562419284351	3.267998276770641
55.177380970382465	50.505496542686004
82.76311401363256	13.864669309709916
53.19378109702275	56.34529417042063
78.66154645028598	13.538174285564766
70.44688747344108	32.36933850020603
96.91705400913618	1.8309855708097307
80.51782430745016	15.183498121751708
81.98486655211187	11.450029368027053
75.7485550002022	22.995710687696988
70.13547621493143	26.409038204600936
54.74720534784595	52.42816698249321
69.88391498224975	25.692908094878874
52.50867856219984	44.16485775883376
65.66735937730728	28.613405648120573
89.80381867298172	11.826249451070277
54.514880264316815	40.65715391557574
88.42002823195988	13.654409963806103
83.03018999516632	17.66391419530425
82.78808106685145	14.178480167317133
81.2642612465235	19.12747639155497
66.895467720107	36.01478879845846
78.71235324099318	16.777189948575533
74.60511588265607	18.82489975618991
97.98550289338367	-3.090218089531577
67.06838079608278	33.190954009730795
74.6643577603342	23.454169550042504
81.93109570861272	18.00777243518513
85.27650050143725	15.563506170999826
77.3184341309213	18.194438128576138
79.39499317826628	19.315064939653638
51.4386460507708	43.48843111901647
94.7119667896541	4.9537821218614395
61.27765398205102	34.659149830085084
57.310470163005945	38.039782525211436
63.8271569784586	40.94349651084252
78.51224948017818	15.781908307515632
82.62194531706069	21.439264732813335
69.9294401237845	29.234482231401664
89.68740347617327	11.301715082442941
69.24429678843146	30.94732896249735
55.48329009160075	41.750283688076664
98.2363602125733	-1.5482353751269433
83.04699357004854	19.499756491036557
82.34597058945816	16.036095754954296
52.023045417954364	42.265302329388795
82.91334241640848	21.673915668479225
78.96901989652778	11.92665994591174
64.99158623850118	29.651124633384775
79.96803589237257	16.886415788621846
83.53641725367538	23.914350543903353
77.30328694555762	25.78128154181531
82.57552215159927	28.887507830363834
60.67280075802503	49.71345213119139
99.91093755041446	0.43857513528846703
85.16802909479176	11.32750346673448
55.246018026487555	41.535504966173384
83.56014170897703	13.205683058707432
50.4975374782871	54.13109876629801
99.53659557210963	2.6668327946204524
82.29317772077525	19.32791652814401
50.56958222116979	43.42625223963348
72.68296620149684	38.84451501113115
58.30598208791505	37.9803083781801
50.1356164661066	60.8640363260059
96.56103552432629	2.0806485647671935
88.24549495584927	11.926161118080413
95.66577143309601	6.352741314214782
81.09680039675277	25.991564339138847
54.03309849950692	42.72480439735381
88.21689573671559	9.688851403117425
76.53490654016701	19.526967577873044
52.774546097102906	43.98426685999453
83.30788011354143	11.463822559229229
63.62609480125019	36.581298005185985
52.571251869264046	56.46812710718304
80.16297252470059	31.699708235380115
82.28925698620876	19.654307764922482
62.87181780286501	36.359887021444656
67.61788951097317	31.982603427143694
67.67377998904541	31.708402776507608
70.27467646552984	25.60182060280868
94.90340865236001	9.885363751222908
93.32826022880184	-1.3582365966390828
59.22354485781414	42.57322414660718
68.06528609323108	31.10934657358653
88.73493223569153	13.15461597670333
52.50095685945615	48.829609091581844
61.92150227122728	41.147823940797196
74.80053353508731	23.948424934100473
76.0758374688069	23.322725778768397
56.057445925897866	44.20095693299982
89.24548533807294	14.533477899688773
73.33831731770135	30.78837464289409
63.04471750922628	37.56283434481314
53.810231580115115	40.17160590185883
99.71175134013228	-4.55524505649486
63.599825135320295	30.26307059110285
99.8449706064163	4.6887885312487585
64.1556371818461	44.41053199401223
89.68462954323957	10.898967871199767
70.77987425476618	32.4264222928521
84.31843967149042	14.350774887943084
92.76012463109808	2.819487414559326
53.99417144872127	47.587234006539234
65.62458887270297	37.3066816924884
90.56735199621369	1.9660612155269135
74.44869946163507	30.221710623164455
64.56377837848879	31.831748896242246
67.82244217876493	31.679366021694978
50.089580391786136	42.697519656084694
83.90528932037844	22.05841672190494
90.68024262308552	6.672705614102984
85.51538757966497	13.035473232991917
91.10857320634534	0.20367755840391766
89.30758131646814	14.434316505765484
60.37960598565806	35.387786191090356
81.76152949229538	16.452819627051145
78.14160115986	24.839716676091673
58.00038158642854	45.44678825252457
99.58571361795296	8.648006426473108
93.27187127458294	8.990472178170481
96.15969049686447	8.12573145057403
63.96025424503537	41.52638600789497
72.74261960798017	28.13839701461783
57.5998355418207	35.82606176004215
54.46058463727754	43.2624584820383
84.61743113522007	23.862757206336816
55.29869956995161	42.19124037915215
71.38911307468138	40.10277971380293
71.04318468191603	24.11418048534639
81.60831848961641	16.955458414190637
86.0452892105099	7.85008930606912
84.10953405279281	19.70493015882795
95.87031140958925	2.480905261821264
90.16630643336778	14.980479453509204
70.38125407060542	35.89305840634387
52.19830841785137	48.45205758672031
97.0884131114932	5.311313755028296
60.20590106932353	36.97191708255678
64.33900312102934	38.2355590805262
65.56737108829368	34.81994033404329
67.78828708966262	41.52581985527437
59.46296463797281	40.39174765615918
73.3289021801715	25.01248931190742
73.99606688748382	16.226466869861703
82.05260837445144	22.528973233180245
87.95182818450616	7.436822526497911
96.41218852546339	-1.2978840565749685
63.63933242701361	36.19213377676059
68.99680679621082	29.199197744662996
96.91975683981784	-1.6262549005785774
52.63117380543484	46.77744551270122
79.64966013608517	14.061481324154148
86.05825561810752	5.890180627174825
89.3915838709874	7.819376450519436
94.63518519196474	3.4643604288027015
96.80661155825095	10.584147311595274
98.3291877418097	-2.9471537974980304
84.70002176921915	13.275912204013064
72.70173681283993	30.082525014650027
51.08695253977608	44.512706490632574
88.8472909112933	17.116231774925247
77.14329851801243	20.630650315701608
59.08142849280686	41.10406950372152
55.516977554124125	49.655480977162526
29.952913450393375	56.30271420719741
61.6383495938714	49.274781780898735
65.05923619746527	54.68307665421369
46.32885897120768	56.570772175713216
42.28491441410574	41.90441175458518
33.30619737077733	59.94005397566062
30.087423812271027	57.782581182145755
37.51358280327419	31.426516162181162
64.09780450870386	66.59031015697902
31.400746321257206	49.23979211549913
35.924567538304274	55.6929064134214
70.58395086407408	31.633734727993215
71.51621935896802	34.46591218937954
34.40769589431567	45.893158384131496
38.65855399218434	66.99234965471598
62.53971808537871	48.68963232731062
69.92560183244257	33.17168866003558
49.228128955683445	65.90241781407953
66.5203379014389	65.07683923607345
65.50342095918009	73.08768876592274
71.96357797021827	68.31956695561719
41.538618067426555	29.681800148601795
52.11994497670507	27.862863843950358
52.69619606391905	72.85399600788621
74.57016786659698	70.77205655129751
46.71233166476871	67.36355293929466
26.90756612724329	64.9887495368119
31.71488246832815	37.47416608797691
44.10563653952804	52.38934319326509
61.924854557291326	71.09442275181297
66.75748546001344	73.36710428244697
56.542992091909596	70.03000923612998
63.489114721940425	47.60202400928094
37.30160199066734	64.9161707154835
68.91456609128855	35.7821307534847
72.03195263425204	69.12958209451594
47.24766988964687	40.25484242448954
65.98107764348737	71.6535253056571
25.65226975732713	41.748211350707706
48.21838927002065	27.105910777752136
41.760478043200344	31.73537331194906
58.40202071045712	61.261003460248205
52.156739851897385	46.285818143242494
58.81397579009317	37.347345010135875
37.35093607322244	54.567020277485256
56.903121139749054	57.64785992835232
54.575925617978	30.43379856024664
55.0480647960392	46.83345903829159
72.17417039815055	40.20784771459131
40.10648598197883	35.107533244434826
